日期 : 2026-03-03
###年內獲利績效排序####
區間:2025-04-03~2026-03-02
|總|總__|多|多__|空|空|
|次|利__|次|利__|次|利|
|數|潤__|數|潤__|數|潤|_品種
  4 117   4 117   0 100     南韓指
  1 104   1 104   0 100   能源XLE
  1 103   1 103   0 100    奇異航太
  2 103   2 103   0 100   地產IYR
  1 103   1 103   0 100   台積ADR
  1 102   1 102   0 100     美元指
  1 102   1 102   0 100   標普中盤指
  1 102   1 102   0 100  摩根大通銀行
  1 102   1 102   0 100    輝瑞製藥
  1 102   1 102   0 100   公用XLU
  1 101   1 101   0 100     麥當勞
  2 101   2 101   0 100    美債反3
  2 101   2 101   0 100    那指正3
  0 100   0 100   0 100      蘋果
  0 100   0 100   0 100     美超微
  0 100   0 100   0 100 美國運通信用卡
  0 100   0 100   0 100      波音
  0 100   0 100   0 100    卡特彼勒
  0 100   0 100   0 100   道瓊DIA
  0 100   0 100   0 100     迪士尼
  0 100   0 100   0 100    高盛集團
  0 100   0 100   0 100   家得寶裝修
  0 100   0 100   0 100   羅素IWM
  0 100   0 100   0 100    強生醫療
  0 100   0 100   0 100    默克製藥
  0 100   0 100   0 100      微軟
  0 100   0 100   0 100    美光MU
  1 100   1 100   0 100      奈飛
  0 100   0 100   0 100    耐克運動
  0 100   0 100   0 100   寶僑日用品
  0 100   0 100   0 100   納指QQQ
  0 100   0 100   0 100      費半
  0 100   0 100   0 100   標普500
  0 100   0 100   0 100     特斯拉
  0 100   0 100   0 100  聯合保健集團
  0 100   0 100   0 100 Visa信用卡
  0 100   0 100   0 100   威瑞森通訊
  0 100   0 100   0 100   生技XBI
  0 100   0 100   0 100   金融XLF
  0 100   0 100   0 100   消費XLP
  0 100   0 100   0 100   金礦XME
###年內虧損績效排序####
區間:2025-04-03~2026-03-02
|總|總__|多|多__|空|空|
|次|利__|次|利__|次|利|
|數|潤__|數|潤__|數|潤|_品種
  1  99   1  99   0 100    思科網通
  3  99   3  99   0 100    杜邦材料
  1  99   1  99   0 100      谷哥
  1  99   1  99   0 100     英特爾
  1  99   1  99   0 100      臉書
  1  99   1  99   0 100   沃爾瑪百貨
  1  99   1  99   0 100   工業XLI
  1  99   1  99   0 100     日經指
  1  99   1  99   0 100     台灣指
  1  98   1  98   0 100     亞馬遜
  1  98   1  98   0 100     雪佛龍
  1  98   1  98   0 100    美債正1
  1  98   1  98   0 100   旅行者產險
  2  98   2  98   0 100   醫保XLV
  2  97   2  97   0 100    可口可樂
  1  95   1  95   0 100   WTI原油
  2  95   2  95   0 100   埃克森美孚
  2  93   2  93   0 100     IBM
  2  93   2  93   0 100    費半正3
  1  91   1  91   0 100      3M
  3  89   3  89   0 100     英偉達
