日期 : 2026-03-03
###年內策略累計勝率統計####
___買策略|次數|勝率|獲利率
Total綜合  67 0.388 100.6
 Long做多  67 0.388 100.6
Short做空   0   0.0 100.0
OSC多 10   0   0.0 100.0
OSC多 11   0   0.0 100.0
CUR多 20  60 0.356 100.3
EFI多 21   5   0.4 100.2
EMA多  5   0   0.0 100.0
OSC空-10   0   0.0 100.0
OSC空-11   0   0.0 100.0
CUR空-20   0   0.0 100.0
EFI空-21   0   0.0 100.0
EMA空 -5   0   0.0 100.0
Total綜合  67 0.388 100.6
 Long做多  67 0.388 100.6
Short做空   0   0.0 100.0
OSC多 10   0   0.0 100.0
OSC多 11   0   0.0 100.0
CUR多 20  60 0.356 100.3
EFI多 21   5   0.4 100.2
EMA多  5   0   0.0 100.0
OSC空-10   0   0.0 100.0
OSC空-11   0   0.0 100.0
CUR空-20   0   0.0 100.0
EFI空-21   0   0.0 100.0
EMA空 -5   0   0.0 100.0
Total綜合  70  0.36 100.5
 Long做多  70  0.36 100.5
Short做空   0   0.0 100.0
OSC多 10   0   0.0 100.0
OSC多 11   0   0.0 100.0
CUR多 20  61 0.333 100.3
EFI多 21   5   0.4 100.2
EMA多  5   0   0.0 100.0
OSC空-10   0   0.0 100.0
OSC空-11   0   0.0 100.0
CUR空-20   0   0.0 100.0
EFI空-21   0   0.0 100.0
EMA空 -5   0   0.0 100.0
###年內策略單次勝率統計####
___買策略|次數|勝率|獲利率
Total綜合  68 0.338 0.012
 Long做多  68 0.338 0.012
Short做空   0   0.0   0.0
OSC多 10   0   0.0   0.0
OSC多 11   0   0.0   0.0
OSC多 12   0   0.0   0.0
OSC多 13   0   0.0   0.0
OSC多 14   0   0.0   0.0
CUR多 20  61 0.328 0.009
EFI多 21   5   0.4 0.038
CUR多 22   0   0.0   0.0
EFI多 23   2   0.5 0.052
EFI多 24   0   0.0   0.0
OSC空-10   0   0.0   0.0
OSC空-11   0   0.0   0.0
OSC空-12   0   0.0   0.0
OSC空-13   0   0.0   0.0
OSC空-14   0   0.0   0.0
CUR空-20   0   0.0   0.0
EFI空-21   0   0.0   0.0
CUR空-22   0   0.0   0.0
EFI空-23   0   0.0   0.0
CUR空-24   0   0.0   0.0
Total綜合  68 0.338 0.012
 Long做多  68 0.338 0.012
Short做空   0   0.0   0.0
OSC多 10   0   0.0   0.0
OSC多 11   0   0.0   0.0
OSC多 12   0   0.0   0.0
OSC多 13   0   0.0   0.0
OSC多 14   0   0.0   0.0
CUR多 20  61 0.328 0.009
EFI多 21   5   0.4 0.038
CUR多 22   0   0.0   0.0
EFI多 23   2   0.5 0.052
EFI多 24   0   0.0   0.0
OSC空-10   0   0.0   0.0
OSC空-11   0   0.0   0.0
OSC空-12   0   0.0   0.0
OSC空-13   0   0.0   0.0
OSC空-14   0   0.0   0.0
CUR空-20   0   0.0   0.0
EFI空-21   0   0.0   0.0
CUR空-22   0   0.0   0.0
EFI空-23   0   0.0   0.0
CUR空-24   0   0.0   0.0
Total綜合  71 0.338 0.011
 Long做多  71 0.338 0.011
Short做空   0   0.0   0.0
OSC多 10   0   0.0   0.0
OSC多 11   0   0.0   0.0
OSC多 12   0   0.0   0.0
OSC多 13   0   0.0   0.0
OSC多 14   0   0.0   0.0
CUR多 20  62 0.339 0.009
EFI多 21   5   0.4 0.038
CUR多 22   0   0.0   0.0
EFI多 23   4  0.25 0.017
EFI多 24   0   0.0   0.0
OSC空-10   0   0.0   0.0
OSC空-11   0   0.0   0.0
OSC空-12   0   0.0   0.0
OSC空-13   0   0.0   0.0
OSC空-14   0   0.0   0.0
CUR空-20   0   0.0   0.0
EFI空-21   0   0.0   0.0
CUR空-22   0   0.0   0.0
EFI空-23   0   0.0   0.0
CUR空-24   0   0.0   0.0
