日期 : 2026-03-03
###年內獲利績效排序####
區間:2025-04-07~2026-03-03
|總|總__|多|多__|空|空|
|次|利__|次|利__|次|利|
|數|潤__|數|潤__|數|潤|_品種
  1 125   1 125   0 100      華城
  1 117   1 117   0 100      陽明
  2 117   2 117   0 100   日月光投控
  2 109   2 109   0 100    元黃金正
  1 108   1 108   0 100      長榮
  2 107   2 107   0 100     街口銅
  1 107   1 107   0 100     南亞科
  1 106   1 106   0 100      聯電
  3 106   3 106   0 100     國泰金
  1 106   1 106   0 100      創意
  2 104   2 104   0 100    國泰費半
  2 104   2 104   0 100      美時
  1 104   1 104   0 100      景碩
  2 103   2 103   0 100      智邦
  1 103   1 103   0 100     英業達
  2 103   2 103   0 100      緯創
  1 102   1 102   0 100      台泥
  1 102   1 102   0 100     台積電
  1 102   1 102   0 100     富邦金
  0 100   0 100   0 100    元台50
  0 100   0 100   0 100    富台50
  0 100   0 100   0 100  元台50正2
  0 100   0 100   0 100   元台50反
  0 100   0 100   0 100     元石油
  0 100   0 100   0 100     富日本
  0 100   0 100   0 100   泰美債正2
  0 100   0 100   0 100    元日圓反
  0 100   0 100   0 100   元全球AI
  0 100   0 100   0 100      南亞
  0 100   0 100   0 100      台化
  0 100   0 100   0 100     遠東新
  0 100   0 100   0 100      士電
  0 100   0 100   0 100      東元
  0 100   0 100   0 100     中興電
  0 100   0 100   0 100      華新
  0 100   0 100   0 100      台肥
  0 100   0 100   0 100      中鋼
  0 100   0 100   0 100      正新
  0 100   0 100   0 100     和泰車
  0 100   0 100   0 100     光寶科
  0 100   0 100   0 100      華通
  0 100   0 100   0 100      鴻海
  0 100   0 100   0 100      國巨
  0 100   0 100   0 100     佳世達
  0 100   0 100   0 100      技嘉
  0 100   0 100   0 100      微星
  0 100   0 100   0 100      友達
  0 100   0 100   0 100     興富發
  0 100   0 100   0 100      萬海
  0 100   0 100   0 100     長榮航
  0 100   0 100   0 100     臺企銀
  0 100   0 100   0 100     玉山金
  0 100   0 100   0 100     永豐金
  0 100   0 100   0 100     中信金
  0 100   0 100   0 100     統一超
  0 100   0 100   0 100     大立光
  0 100   0 100   0 100      奇鋐
  0 100   0 100   0 100      聯詠
  0 100   0 100   0 100      欣興
  0 100   0 100   0 100      群創
  0 100   0 100   0 100     台勝科
  0 100   0 100   0 100   世芯-KY
  0 100   0 100   0 100   材料-KY
  1 100   1 100   0 100      遠傳
  0 100   0 100   0 100   臻鼎-KY
  0 100   0 100   0 100   中租-KY
  0 100   0 100   0 100      力成
  0 100   0 100   0 100  矽力*-KY
  0 100   0 100   0 100     藥華藥
  0 100   0 100   0 100      保瑞
  1 100   1 100   0 100      南電
  0 100   0 100   0 100      豐泰
  0 100   0 100   0 100      巨大
  0 100   0 100   0 100     潤泰新
###年內虧損績效排序####
區間:2025-04-07~2026-03-03
|總|總__|多|多__|空|空|
|次|利__|次|利__|次|利|
|數|潤__|數|潤__|數|潤|_品種
  1  99   1  99   0 100      台塑
  1  99   1  99   0 100     台達電
  1  99   1  99   0 100      宏碁
  1  99   1  99   0 100      華碩
  1  99   1  99   0 100      瑞昱
  1  99   1  99   0 100      華航
  1  99   1  99   0 100      彰銀
  1  99   1  99   0 100     元大金
  1  99   1  99   0 100     台塑化
  1  99   1  99   0 100      緯穎
  1  99   1  99   0 100     力積電
  1  98   1  98   0 100    元黃金反
  4  98   4  98   0 100    元美債反
  1  98   1  98   0 100     元白銀
  1  98   1  98   0 100      統一
  2  98   2  98   0 100     英業達
  1  98   1  98   0 100      廣達
  1  98   1  98   0 100     台光電
  1  98   1  98   0 100     聯發科
  1  98   1  98   0 100      嘉澤
  1  98   1  98   0 100      豐泰
  3  97   3  97   0 100     元美元
  1  97   1  97   0 100    街口黃豆
  1  97   1  97   0 100      智原
  2  97   2  97   0 100      寶成
  2  96   2  96   0 100      研華
  1  96   1  96   0 100      可成
  1  93   1  93   0 100      技嘉
  2  92   2  92   0 100      致茂
  3  89   3  89   0 100      健鼎
  1  89   1  89   0 100      聯茂
