日期 : 2026-02-19
###年內獲利績效排序####
區間:2025-03-25~2026-02-11
|總|總__|多|多__|空|空|
|次|利__|次|利__|次|利|
|數|潤__|數|潤__|數|潤|_品種
  4 199   3 193   1 102      群創
 10 179   8 162   2 110   世芯-KY
  7 169   6 163   1 104      台化
  6 167   5 164   1 101      欣興
  8 158   6 148   2 106      士電
  6 145   4 116   2 124     南亞科
  7 145   5 128   2 113     聯發科
  5 144   4 143   1 101      美時
  5 142   5 142   0 100     力積電
  5 140   3 135   2 103      友達
  6 138   5 125   1 110      南亞
  2 132   2 132   0 100      致茂
  6 128   6 128   0 100      廣達
  9 128   6 106   3 120     台勝科
  5 128   3 119   2 107      東元
  5 127   3 118   2 106      可成
  3 126   3 126   0 100      景碩
  5 125   4 123   1 101      華通
  5 122   4 118   1 103     永豐金
  5 120   4 127   1  94      創意
  7 120   6 114   1 104     英業達
  4 119   2 121   2  98      力成
  3 116   2 114   1 101      嘉澤
  6 115   6 115   0 100      華碩
  7 114   7 114   0 100      研華
  7 113   6 108   1 104      遠傳
  2 113   2 113   0 100   臻鼎-KY
  6 112   6 112   0 100      寶成
  6 112   6 112   0 100     潤泰新
  7 112   4  98   3 113      技嘉
  7 112   6 110   1 101     興富發
  5 112   5 112   0 100      華航
  4 112   4 112   0 100      中鋼
  5 112   4 113   1  98   泰美債正2
  5 112   4 106   1 105    街口黃豆
  4 112   4 112   0 100    元黃金正
  4 111   4 111   0 100      宏碁
  2 111   2 111   0 100     台積電
  1 111   1 111   0 100     中信金
  1 111   1 111   0 100      奇鋐
  1 111   1 111   0 100  矽力*-KY
  6 110   3 103   3 106     富邦金
  6 110   5 108   1 101      統一
  4 109   3 102   1 107      正新
  7 109   5 105   2 103      華新
  8 109   6 100   2 108     長榮航
  9 108   8  97   1 111      智原
  5 108   4 104   1 104      聯電
  8 108   7 106   1 101      台塑
  7 108   6 114   1  94     藥華藥
  4 107   4 107   0 100   中租-KY
 10 107   8 118   2  90     元石油
  1 107   1 107   0 100     玉山金
  6 106   3  99   3 107     大立光
  1 106   1 106   0 100      健鼎
  3 106   2  99   1 107   材料-KY
  1 104   1 104   0 100      緯創
  4 104   3 101   1 102     中興電
  2 104   2 104   0 100      華城
  5 104   4  99   1 105      台肥
  3 104   3 104   0 100     和泰車
  4 103   4 103   0 100     遠東新
  6 103   4 100   2 102     元大金
  1 103   1 103   0 100     國泰金
  2 103   2 103   0 100      萬海
  1 103   1 103   0 100   日月光投控
  2 103   1 102   1 101      保瑞
  1 102   1 102   0 100     台達電
  6 102   4 103   2  99    元美債反
  1 102   1 102   0 100    富台50
  1 102   1 102   0 100   元全球AI
  2 101   2 101   0 100    元黃金反
  1 101   0 100   1 101      長榮
  2 101   2 101   0 100      微星
  0 100   0 100   0 100     台光電
  4 100   4 100   0 100      彰銀
  0 100   0 100   0 100     臺企銀
  0 100   0 100   0 100    國泰費半
  0 100   0 100   0 100  元台50正2
  0 100   0 100   0 100   元台50反
  0 100   0 100   0 100     富日本
  0 100   0 100   0 100      鴻海
  0 100   0 100   0 100      智邦
  0 100   0 100   0 100     光寶科
  0 100   0 100   0 100      緯穎
  0 100   0 100   0 100      聯茂
  0 100   0 100   0 100      南電
  0 100   0 100   0 100      巨大
###年內虧損績效排序####
區間:2025-03-25~2026-02-11
|總|總__|多|多__|空|空|
|次|利__|次|利__|次|利|
|數|潤__|數|潤__|數|潤|_品種
  4  99   4  99   0 100     街口銅
  7  99   4 100   3  99      聯詠
  1  98   1  98   0 100      國巨
  7  97   5  93   2 104      瑞昱
  5  97   5  97   0 100     元美元
  3  97   3  97   0 100    元日圓反
  5  97   4  96   1 101     元白銀
  2  96   1  93   1 103     台塑化
  1  94   1  94   0 100      陽明
  4  93   4  93   0 100      台泥
  5  90   3  84   2 108      豐泰
  6  88   4  85   2 102     佳世達
  4  87   4  87   0 100     統一超
  1  27   1  27   0 100    元台50
