日期 : 2026-02-19
###年內獲利績效排序####
區間:2025-03-24~2026-02-18
|總|總__|多|多__|空|空|
|次|利__|次|利__|次|利|
|數|潤__|數|潤__|數|潤|_品種
 11 214   7 183   4 116    費半正3
  9 171   5 137   4 125     英特爾
  7 169   5 154   2 109     美超微
  7 149   6 100   1 149   能源XLE
  8 136   7 133   1 101      臉書
  7 134   6 133   1 101    奇異航太
  9 134   8 128   1 105   沃爾瑪百貨
 10 132   8 122   2 108   威瑞森通訊
  5 129   5 129   0 100    輝瑞製藥
  5 127   4 122   1 104 美國運通信用卡
  9 125   7 112   2 111    思科網通
  6 124   3 118   3 104    默克製藥
  8 121   6 115   2 105   家得寶裝修
 12 120  10 115   2 104      蘋果
  8 119   7 117   1 101  摩根大通銀行
  2 115   1 103   1 111      微軟
  2 114   2 114   0 100    卡特彼勒
  1 113   1 113   0 100     南韓指
  7 113   7 113   0 100     日經指
  4 113   2  94   2 119    那指正3
 10 112  10 112   0 100     雪佛龍
  6 112   5 107   1 103     麥當勞
  8 111   8 111   0 100   埃克森美孚
  2 111   1 106   1 104     迪士尼
  3 110   3 110   0 100      谷哥
  8 110   7 114   1  96    可口可樂
  6 110   5 113   1  97   公用XLU
  4 107   3 104   1 103      3M
  1 107   1 107   0 100    美光MU
  7 106   5 108   2  98   旅行者產險
  3 106   3 106   0 100   寶僑日用品
  5 106   5 106   0 100    杜邦材料
  4 105   4 105   0 100   WTI原油
  2 105   2 105   0 100    強生醫療
  1 105   1 105   0 100   納指QQQ
  5 105   5 105   0 100   醫保XLV
  4 104   4 104   0 100     台灣指
  1 103   1 103   0 100   標普500
  7 102   7 102   0 100     美元指
  8 102   8 102   0 100   工業XLI
  3 101   3 101   0 100   生技XBI
  9 101   6 101   3 100    美債反3
  0 100   0 100   0 100   台積ADR
  0 100   0 100   0 100  聯合保健集團
  0 100   0 100   0 100     英偉達
  0 100   0 100   0 100    高盛集團
  0 100   0 100   0 100      波音
  1 100   1 100   0 100   消費XLP
  0 100   0 100   0 100   金礦XME
###年內虧損績效排序####
區間:2025-03-24~2026-02-18
|總|總__|多|多__|空|空|
|次|利__|次|利__|次|利|
|數|潤__|數|潤__|數|潤|_品種
  7  99   6 108   1  91     亞馬遜
  6  98   5  96   1 101     IBM
  3  98   2  96   1 102    耐克運動
  6  98   3  99   3  99     特斯拉
  7  98   7  98   0 100 Visa信用卡
  6  98   6  98   0 100   金融XLF
  6  97   6  97   0 100    美債正1
  7  97   6 101   1  96   道瓊DIA
  1  96   1  96   0 100      費半
  9  96   8  97   1  98   地產IYR
 10  87   7  96   3  91   羅素IWM
  2  10   1  10   1 104      奈飛
