日期 : 2026-02-10
###年內策略累計勝率統計####
___買策略|次數|勝率|獲利率
Total綜合 437 0.794 113.0
 Long做多 366 0.202 110.8
Short做空  71 0.577 101.8
OSC多 10  58 0.621 102.8
OSC多 11   0   0.0 100.0
CUR多 20 117 0.282 102.2
EFI多 21  94 0.309 100.8
EMA多  5   0   0.0 100.0
OSC空-10   0   0.0 100.0
OSC空-11   0   0.0 100.0
CUR空-20   0   0.0 100.0
EFI空-21  19 0.316  99.9
EMA空 -5   0   0.0 100.0
###年內策略單次勝率統計####
___買策略|次數|勝率|獲利率
Total綜合 438 0.712  0.029
 Long做多 366 0.686  0.029
Short做空  72 0.847  0.028
OSC多 10  58 0.948  0.051
OSC多 11   0   0.0    0.0
OSC多 12  33   1.0  0.058
OSC多 13  64   1.0  0.035
OSC多 14   0   0.0    0.0
CUR多 20 117  0.53  0.021
EFI多 21  94 0.394  0.012
CUR多 22   0   0.0    0.0
EFI多 23   0   0.0    0.0
EFI多 24   0   0.0    0.0
OSC空-10   0   0.0    0.0
OSC空-11   0   0.0    0.0
OSC空-12  19   1.0  0.031
OSC空-13  33   1.0  0.045
OSC空-14   0   0.0    0.0
CUR空-20   0   0.0    0.0
EFI空-21  20  0.45 -0.004
CUR空-22   0   0.0    0.0
EFI空-23   0   0.0    0.0
CUR空-24   0   0.0    0.0
