日期 : 2026-02-20
###年內策略累計勝率統計####
___買策略|次數|勝率|獲利率
Total綜合 397 0.725 111.4
 Long做多 323 0.204 108.9
Short做空  74 0.554 101.9
OSC多 10  49 0.612 102.2
OSC多 11   0   0.0 100.0
CUR多 20 118  0.28 102.2
EFI多 21  65 0.308 100.4
EMA多  5   0   0.0 100.0
OSC空-10   0   0.0 100.0
OSC空-11   0   0.0 100.0
CUR空-20   0   0.0 100.0
EFI空-21  19 0.316  99.9
EMA空 -5   0   0.0 100.0
###年內策略單次勝率統計####
___買策略|次數|勝率|獲利率
Total綜合 398 0.724  0.028
 Long做多 323 0.693  0.028
Short做空  75 0.853  0.029
OSC多 10  49 0.918  0.046
OSC多 11   0   0.0    0.0
OSC多 12  32   1.0  0.054
OSC多 13  59   1.0  0.032
OSC多 14   0   0.0    0.0
CUR多 20 118 0.525  0.021
EFI多 21  65   0.4  0.009
CUR多 22   0   0.0    0.0
EFI多 23   0   0.0    0.0
EFI多 24   0   0.0    0.0
OSC空-10   0   0.0    0.0
OSC空-11   0   0.0    0.0
OSC空-12  20   1.0   0.03
OSC空-13  35   1.0  0.047
OSC空-14   0   0.0    0.0
CUR空-20   0   0.0    0.0
EFI空-21  20  0.45 -0.004
CUR空-22   0   0.0    0.0
EFI空-23   0   0.0    0.0
CUR空-24   0   0.0    0.0
